spawns: 
  default: 
    world: SurvivalGames_world
    x: 334.8781964780579
    y: 28.0
    z: 1654.4881071823586
    yaw: -90.052216
    pitch: -0.44946963
