world: SurvivalGames_world
x: 334.5155695777392
y: 28.0
z: 1660.7777103002472
yaw: 358.75778
pitch: 0.8998956
name: info
lastowner: bdc83502-6d75-4c26-a633-729e9ed81aee
